6999
6984
6988
6996
7005
6982
6987
6998
7000
6983
6985
6999
6995
6993
6986
7001
6992
6989
6990
7004
7003
6997
6994
7002
6991
7317
7316
6515
6514
6526
6518
6522
6513
6535
6517
6528
6525
6536
6531
6533
6527
6523
6530
6520
6512
6529
6524
6521
6534
6519
6532
6516
6476
6479
6487
6490
6477
6478
6488
6475
6472
6489
7204
7205
7193
7197
7200
7194
7202
7195
7201
7199
7206
7203
7196
5104
5102
5092
5100
5109
5093
5099
5103
5097
5108
5112
5111
5110
5106
5105
5101
5114
5107
5094
5095
5098
5096
5113
6118
6106
6119
6105
6113
6110
6116
6104
6107
6115
6108
6114
6112
6109
6117
6111
6868
6870
6881
6867
6869
6862
6878
6880
6872
6863
6866
6879
6861
6865
6864
6877
6871
7135
7145
7134
7138
7137
7140
7139
7136
7142
7141
7144
7143
7146
6784
6793
6791
6783
6801
6787
6792
6799
6789
6782
6798
6795
6800
6797
6794
6796
6781
6786
6788
6790
6785
6753
6745
6761
6755
6759
6752
6767
6760
6750
6763
6754
6748
6756
6768
6747
6769
6749
6764
6757
6758
6765
6746
6751
6762
6766
6882
1648
1640
1644
1656
1651
1641
1654
1655
1636
1650
1638
1652
1653
1639
1647
1657
1637
1643
1645
1658
1642
1646
1649
6572
6540
6579
6569
6573
6576
6577
6570
6584
6582
6575
6571
6580
6537
6538
6574
6578
6568
6581
6583
6539
6420
6417
6425
6424
6427
6429
6439
6438
6435
6433
6441
6440
6431
6423
6434
6421
6437
6426
6432
6418
6419
6428
6430
6422
6436
1813
1804
1808
1812
1822
1816
1823
1815
1814
1821
1810
1806
1805
1817
1819
1825
1826
1809
1818
1807
1829
1832
1811
1836
1850
1831
1842
1838
1843
1824
1835
1820
1828
1846
1830
1849
1848
1834
1844
1837
1833
1845
1839
1840
1827
1847
1841
3751
3759
3753
3755
3750
4316
3756
3758
6103
3760
3762
3757
3754
3752
3761
4199
4179
4178
4181
4187
4186
4194
4182
4185
4183
4196
4191
4193
4192
4180
4190
4177
4188
4195
4189
4198
4184
4197
1911
1907
1908
1899
1904
1916
1919
1920
1909
1905
1900
1902
1922
1925
1912
1921
1924
1914
1913
1910
1929
1915
1906
1935
1898
1917
1927
1932
1928
1934
1942
1941
1938
1944
1937
1930
1933
1943
1901
1918
1949
1936
1950
1923
1947
1948
1926
1939
1931
1903
1945
1940
1946
1026
1032
1034
1028
1044
1030
1033
1046
1042
1038
1041
1031
1036
1047
1049
1040
1045
1048
1037
1544
1025
1050
1027
1029
1035
1043
1039
381
386
383
378
384
385
377
374
376
375
382
380
379
40
28
29
32
37
36
30
86
39
38
35
33
34
31
6407
6405
6399
6416
6404
6400
6411
6408
6413
6414
6397
6406
6402
6401
6395
6409
6415
6398
6394
6412
6396
6410
6403
5233
5226
5236
5229
5246
5251
5240
5241
5230
5245
5248
5237
5238
5247
5249
5232
5244
5234
5228
5227
5250
5235
5239
5231
4579
4584
4583
4575
4585
4581
4582
4586
4594
4573
4587
4576
4591
4572
4574
4595
4597
4592
4593
4596
4571
4580
4578
4589
4588
4577
4590
3559
3568
3572
3567
3565
3563
3566
3560
3562
3575
3574
3583
3573
3561
3569
3588
3580
3571
3584
3585
3570
3581
3590
3594
3589
3586
3564
3577
3592
3579
3582
3587
3593
3591
3576
3578
5030
5029
5039
5034
5025
5035
5037
5026
5033
5036
5038
5031
5032
5028
5027
5757
5748
5754
5750
5758
5744
5763
5747
5765
5751
5761
5760
5755
5743
5746
5745
5764
5749
5756
5752
5762
5759
5753
4613
4680
4619
4609
4605
4607
4624
4615
4621
4620
4604
4628
4610
4630
4608
4612
4618
4622
4611
4631
4617
4627
4636
4634
4616
4629
4637
4625
4638
4626
4639
4648
4647
4645
4644
4649
4653
4652
4651
4635
4650
4643
4633
4654
4646
4614
4641
4640
4632
4623
4642
4459
4448
4450
4454
4461
4453
4464
4462
4466
4465
4451
4455
4463
4449
4452
4458
4460
4457
4456
42
43
44
46
45
41
4989
4984
4980
4996
4981
4983
4978
4974
4994
4986
4979
4975
4976
4991
4977
4982
4985
4988
4987
4992
4995
4990
4993
4913
4923
4916
4917
4918
4920
4925
4944
4928
4921
4929
4915
4914
4919
4937
4941
4924
4922
4936
4942
4927
4939
4940
4943
4926
4938
4935
4930
4933
4931
4932
4934
143
148
152
144
153
150
151
145
149
146
147
552
524
514
513
526
555
534
557
547
517
559
541
553
530
546
550
544
533
520
2048
2047
2050
2037
2039
2042
2051
2054
2064
2053
2049
2060
2056
2058
2045
2041
2061
2062
2065
2038
2067
2068
2070
2035
2073
2059
2069
2076
2046
2052
2077
2072
2071
2063
4602
2044
2057
2075
2036
2055
2066
2043
2074
2040
1975
1977
1988
1987
1985
1994
1989
1976
1979
1973
1996
1991
1983
1998
1995
2000
1972
1997
1980
2013
2003
1982
1993
2001
2006
2014
1978
1971
2017
2011
2012
2010
2015
1999
2004
2009
1992
1974
1986
1984
2008
1981
2002
2016
2007
1990
2005
4748
4754
4745
4750
4764
4747
4755
4765
4763
4756
4766
4770
4746
4759
4774
4753
4772
4758
4761
4771
4762
4752
4780
4773
4749
4769
4776
4767
4768
4778
4777
4760
4757
4751
4775
4779
252
245
309
253
247
244
254
258
238
249
298
5262
5260
5258
5261
5257
5271
5255
5266
5268
5256
5265
5264
5269
5259
5270
5267
5263
5294
5303
5293
5299
5296
5300
5273
5298
5297
5295
5274
5310
5302
5315
5312
5313
5319
5316
5309
5311
5321
5318
5308
5292
5291
5317
5304
5306
5307
5301
5314
5320
5305
25
18
20
21
17
16
22
19
27
23
24
26
5333
5325
5335
6021
5328
5324
5332
5340
5342
6200
5338
5329
5337
5341
5336
5961
5330
5326
5331
5334
5327
5339
5909
5949
5915
5919
5918
5951
5911
5917
5907
5923
5916
5914
5912
5957
5955
5956
5924
5950
5906
5959
5913
5926
5922
5925
5958
5953
5905
5908
5921
5952
5910
5920
5954
5968
5971
5973
5976
5980
5966
5986
5972
5989
5969
5978
5967
5982
5970
5979
5975
5977
5981
5974
5988
5984
5983
5987
5985
5942
5941
5934
5928
5927
5931
5946
5944
5936
5938
5935
5929
5945
5948
5943
5930
5940
5932
5933
5939
5947
5937
5996
5995
5998
6006
6000
6008
6018
6017
5999
5997
6013
6016
6014
6015
6005
5994
6007
6002
6012
6001
5993
6003
6004
5992
6011
6010
6009
6034
6032
6038
6040
6029
6042
6048
6046
6037
6043
6028
6045
6041
6031
6467
6033
6047
6044
6036
6039
6035
6030
5000
5001
5011
5003
5007
5004
5013
5010
5012
5014
5015
5023
5009
5006
5002
5008
5024
5019
5018
5016
5022
5020
5005
5017
5021
3350
3342
3348
3343
4314
3341
3349
3353
3329
3344
3345
3358
3352
3356
3359
3347
3354
3339
3340
4510
3355
3351
3357
3346
6135
6126
6143
6149
6128
6130
6141
6124
6137
6131
6125
6138
6144
6142
6133
6132
6134
6136
6140
6147
6146
6139
6129
6145
6148
6127
6160
6163
6152
6155
6161
6171
6153
6168
6167
6164
6159
6150
6156
6170
6162
6157
6151
6165
6169
6166
6158
6154
6185
6173
6186
6176
6177
6198
6179
6196
6184
6182
6180
6189
6188
6191
6190
6175
6197
6178
6192
6181
6193
6187
6195
6183
6194
6174
6281
6282
6284
6286
6277
6290
6283
6293
6274
6279
6280
6291
6278
6295
6294
6285
6289
6292
6288
6275
6273
6287
6276
6304
6305
6303
6298
6308
7131
6296
6307
6306
6313
6314
6315
6316
6312
6542
6302
7130
6935
6318
6310
6311
6317
6299
6321
6300
6309
6301
6297
6057
6058
6061
6053
6064
6065
6049
6050
6066
6059
6060
6068
6055
6052
6051
6067
6070
6069
6054
6063
6056
6062
6374
6376
6375
6385
6372
6380
6377
6381
6383
6371
6387
6389
6393
6388
6384
6379
6390
7016
6392
6391
6386
6373
6378
6382
50
47
53
52
54
56
49
51
58
57
68
55
48
4670
4660
4829
4668
4661
4671
4663
4667
4666
4664
5193
4688
4665
4696
4672
4689
4674
4691
4669
4698
4662
4690
4675
4695
4694
4693
4820
4697
4692
4673
4899
4898
4897
4889
4894
4890
4893
4891
4892
4896
4895
1766
1762
1769
1773
1770
1768
1763
1785
1772
1779
1778
1780
1760
1774
1761
1787
1788
1782
1781
1771
1792
1765
1793
1791
1777
1764
1767
1789
1783
1790
1795
1775
1794
1784
1776
1786
4234
4226
4233
4222
4236
4221
4232
4227
4228
4224
4231
4235
4238
4240
4241
4223
4229
4230
4237
4239
4225
4302
4297
4287
4288
4295
4292
4298
4299
4296
4312
4305
4294
4313
4291
4310
4300
4293
4301
4290
4307
4289
4306
4309
4303
4311
4308
4304
241
256
246
314
261
307
251
265
270
268
262
269
263
266
274
259
267
275
248
276
255
243
250
239
283
280
260
272
273
242
277
288
257
284
289
293
279
295
285
286
296
299
297
281
306
292
300
290
312
287
278
301
291
308
271
302
294
264
304
311
240
303
305
315
282
313
310
316
6802
